THE SHAPE OF OUR LIVES
“Tentang Mereka, Tentang Kita, Tentang Kehidupan”

Setting Waktu: Senin, 10 Juli 2023

AKADEMI SWASTA VIDYANIKA
    KELAS 1-1 [SMP Tahun Pertama]
        1. 
        2. 
        3. 
        4. 
        5. 
        6. 
        7. 
        8. 
        9. 
        10. 
        11. 
        12. 
        13. 
        14. 
        15. 
        16. 
        17. 
        18. 
        19. 
        20. 
        21. 
        22. 
        23. 
        24. 
        25. 
        26. 
        27. 
        28. 
        29. 
        30. 

    KELAS 1-2 [SMP Tahun Pertama]
        1. 
        2. 
        3. 
        4. 
        5. 
        6. 
        7. 
        8. 
        9. 
        10. 
        11. 
        12. 
        13. 
        14. 
        15. 
        16. 
        17. 
        18. 
        19. 
        20. 
        21. 
        22. 
        23. 
        24. 
        25. 
        26. 
        27. 
        28. 
        29. 
        30. 
        
    KELAS 1-3 [SMP Tahun Pertama]
        1. 
        2. 
        3. 
        4. 
        5. 
        6. 
        7. 
        8. 
        9. 
        10. 
        11. 
        12. 
        13. 
        14. 
        15. 
        16. 
        17. 
        18. 
        19. 
        20. 
        21. 
        22. 
        23. 
        24. 
        25. 
        26. 
        27. 
        28. 
        29. 
        30. 
        
    KELAS 1-4 [SMP Tahun Pertama]
        1. 
        2. 
        3. 
        4. 
        5. 
        6. 
        7. 
        8. 
        9. 
        10. 
        11. 
        12. 
        13. 
        14. 
        15. 
        16. 
        17. 
        18. 
        19. 
        20. 
        21. 
        22. 
        23. 
        24. 
        25. 
        26. 
        27. 
        28. 
        29. 
        30. 
        
    KELAS 2-1 [SMP Tahun Kedua]
        1. 
        2. 
        3. 
        4. 
        5. 
        6. 
        7. 
        8. 
        9. 
        10. 
        11. 
        12. 
        13. 
        14. 
        15. 
        16. 
        17. 
        18. 
        19. 
        20. 
        21. 
        22. 
        23. 
        24. 
        25. 
        26. 
        27. 
        28. 
        29. 
        30. 
        
    KELAS 2-2 [SMP Tahun Kedua]
        1. 
        2. 
        3. 
        4. 
        5. 
        6. 
        7. 
        8. 
        9. 
        10. 
        11. 
        12. 
        13. 
        14. 
        15. 
        16. 
        17. 
        18. 
        19. 
        20. 
        21. 
        22. 
        23. 
        24. 
        25. 
        26. 
        27. 
        28. 
        29. 
        30. 
        
    KELAS 2-3 [SMP Tahun Kedua]
        1. 
        2. 
        3. 
        4. 
        5. 
        6. 
        7. 
        8. 
        9. 
        10. 
        11. 
        12. 
        13. 
        14. 
        15. 
        16. 
        17. 
        18. 
        19. 
        20. 
        21. 
        22. 
        23. 
        24. 
        25. 
        26. 
        27. 
        28. 
        29. 
        30. 
        
    KELAS 2-4 [SMP Tahun Kedua]
        1. 
        2. 
        3. 
        4. 
        5. 
        6. 
        7. 
        8. 
        9. 
        10. 
        11. 
        12. 
        13. 
        14. 
        15. 
        16. 
        17. 
        18. 
        19. 
        20. 
        21. 
        22. 
        23. 
        24. 
        25. 
        26. 
        27. 
        28. 
        29. 
        30. 
        
    KELAS 3-1 [SMP Tahun Ketiga]
        1. 
        2. 
        3. 
        4. 
        5. 
        6. 
        7. 
        8. 
        9. 
        10. 
        11. 
        12. 
        13. 
        14. 
        15. 
        16. 
        17. 
        18. 
        19. 
        20. 
        21. 
        22. 
        23. 
        24. 
        25. 
        26. 
        27. 
        28. 
        29. 
        30. 
        
    KELAS 3-2 [SMP Tahun Ketiga]
        1. 
        2. 
        3. 
        4. 
        5. 
        6. 
        7. 
        8. 
        9. 
        10. 
        11. 
        12. 
        13. 
        14. 
        15. 
        16. 
        17. 
        18. 
        19. 
        20. 
        21. 
        22. 
        23. 
        24. 
        25. 
        26. 
        27. 
        28. 
        29. 
        30. 
        
    KELAS 3-3 [SMP Tahun Ketiga]
        1. 
        2. 
        3. 
        4. 
        5. 
        6. 
        7. 
        8. 
        9. 
        10. 
        11. 
        12. 
        13. 
        14. 
        15. 
        16. 
        17. 
        18. 
        19. 
        20. 
        21. 
        22. 
        23. 
        24. 
        25. 
        26. 
        27. 
        28. 
        29. 
        30. 
        
    KELAS 3-4 [SMP Tahun Ketiga]
        1. 
        2. 
        3. 
        4. 
        5. 
        6. 
        7. 
        8. 
        9. 
        10. 
        11. 
        12. 
        13. 
        14. 
        15. 
        16. 
        17. 
        18. 
        19. 
        20. 
        21. 
        22. 
        23. 
        24. 
        25. 
        26. 
        27. 
        28. 
        29. 
        30. 
        
    KELAS 4-1 [SMA Tahun Pertama]
        1. 
        2. 
        3. 
        4. 
        5. 
        6. 
        7. 
        8. 
        9. 
        10. 
        11. 
        12. 
        13. 
        14. 
        15. 
        16. 
        17. 
        18. 
        19. 
        20. 
        21. 
        22. 
        23. 
        24. 
        25. 
        26. 
        27. 
        28. 
        29. 
        30. 
        
    KELAS 4-2 [SMA Tahun Pertama]
        1. 
        2. 
        3. 
        4. 
        5. 
        6. 
        7. 
        8. 
        9. 
        10. 
        11. 
        12. 
        13. 
        14. 
        15. 
        16. 
        17. 
        18. 
        19. 
        20. 
        21. 
        22. 
        23. 
        24. 
        25. 
        26. 
        27. 
        28. 
        29. 
        30. 
        
    KELAS 4-3 [SMA Tahun Pertama]
        1. 
        2. 
        3. 
        4. 
        5. 
        6. 
        7. 
        8. 
        9. 
        10. 
        11. 
        12. 
        13. 
        14. 
        15. 
        16. 
        17. 
        18. 
        19. 
        20. 
        21. 
        22. 
        23. 
        24. 
        25. 
        26. 
        27. 
        28. 
        29. 
        30. 
        
    KELAS 4-4 [SMA Tahun Pertama]
        1. 
        2. 
        3. 
        4. 
        5. 
        6. 
        7. 
        8. 
        9. 
        10. 
        11. 
        12. 
        13. 
        14. 
        15. 
        16. 
        17. 
        18. 
        19. 
        20. 
        21. 
        22. 
        23. 
        24. 
        25. 
        26. 
        27. 
        28. 
        29. 
        30. 
        
    KELAS 5-1 [SMA Tahun Kedua]
        1. 
        2. 
        3. 
        4. 
        5. 
        6. 
        7. 
        8. 
        9. 
        10. 
        11. 
        12. 
        13. 
        14. 
        15. 
        16. 
        17. 
        18. 
        19. 
        20. 
        21. 
        22. 
        23. 
        24. 
        25. 
        26. 
        27. 
        28. 
        29. 
        30. 
        
    KELAS 5-2 [SMA Tahun Kedua]
        1. 
        2. 
        3. 
        4. 
        5. 
        6. 
        7. 
        8. 
        9. 
        10. 
        11. 
        12. 
        13. 
        14. 
        15. 
        16. 
        17. 
        18. 
        19. 
        20. 
        21. 
        22. 
        23. 
        24. 
        25. 
        26. 
        27. 
        28. 
        29. 
        30. 
        
    KELAS 5-3 [SMA Tahun Kedua]
        1. 
        2. 
        3. 
        4. 
        5. 
        6. 
        7. 
        8. 
        9. 
        10. 
        11. 
        12. 
        13. 
        14. 
        15. 
        16. 
        17. 
        18. 
        19. 
        20. 
        21. 
        22. 
        23. 
        24. 
        25. 
        26. 
        27. 
        28. 
        29. 
        30. 
        
    KELAS 5-4 [SMA Tahun Kedua]
        1. 
        2. 
        3. 
        4. 
        5. 
        6. 
        7. 
        8. 
        9. 
        10. 
        11. 
        12. 
        13. 
        14. 
        15. 
        16. 
        17. 
        18. 
        19. 
        20. 
        21. 
        22. 
        23. 
        24. 
        25. 
        26. 
        27. 
        28. 
        29. 
        30. 
        
    KELAS 6-1 [SMA Tahun Ketiga]
        1. 
        2. 
        3. 
        4. 
        5. 
        6. 
        7. 
        8. 
        9. 
        10. 
        11. 
        12. 
        13. 
        14. 
        15. 
        16. 
        17. 
        18. 
        19. 
        20. 
        21. 
        22. 
        23. 
        24. 
        25. 
        26. 
        27. 
        28. 
        29. 
        30. 
        
    KELAS 6-2 [SMA Tahun Ketiga]
        1. 
        2. 
        3. 
        4. 
        5. 
        6. 
        7. 
        8. 
        9. 
        10. 
        11. 
        12. 
        13. 
        14. 
        15. 
        16. 
        17. 
        18. 
        19. 
        20. 
        21. 
        22. 
        23. 
        24. 
        25. 
        26. 
        27. 
        28. 
        29. 
        30. 
        
    KELAS 6-3 [SMA Tahun Ketiga]
        1. 
        2. 
        3. 
        4. 
        5. 
        6. 
        7. 
        8. 
        9. 
        10. 
        11. 
        12. 
        13. 
        14. 
        15. 
        16. 
        17. 
        18. 
        19. 
        20. 
        21. 
        22. 
        23. 
        24. 
        25. 
        26. 
        27. 
        28. 
        29. 
        30. 
        
    KELAS 6-4 [SMA Tahun Ketiga]
        1. 
        2. 
        3. 
        4. 
        5. 
        6. 
        7. 
        8. 
        9. 
        10. 
        11. 
        12. 
        13. 
        14. 
        15. 
        16. 
        17. 
        18. 
        19. 
        20. 
        21. 
        22. 
        23. 
        24. 
        25. 
        26. 
        27. 
        28. 
        29. 
        30. 